99 -0.08507044469744675 0.1904718876589375 -2.0041467256166867 0.07285158964242563 0.18639223300826857 -1.9811843691892823 -0.4253522234872337 0.9523594382946874 -10.020733628083432 0.36425794821212815 0.9319611650413429 -9.905921845946411 0.0 0.0 0.0
100 -0.08577854333013492 0.19063839868344795 -2.0040831082676234 0.07205687745424079 0.1865659223207581 -1.9811895258345602 -0.00354049316344085 0.0008325551225522865 0.00031808674531674797 -0.003973560940924228 0.0008684465624476945 -2.5783226389464176e-05 0.0 0.0 0.0 
101 -0.08616788428209572 0.1907178869693523 -2.0040577619282556 0.07158477640030432 0.18666848274127978 -1.9812330853983593 -0.0019467047598040188 0.0003974414295217221 0.00012673169683896646 -0.0023605052696823448 0.0005128021026083729 -0.0002177978189954466 0.0 0.0 0.0 
102 -0.08600769322818358 0.1898634857128529 -2.004142836104682 0.07175756413188905 0.18585402430555958 -1.9813655233917578 0.0008009552695607131 -0.004272006282497048 -0.0004253708821311264 0.0008639386579236547 -0.004072292178601 -0.0006621899669922993 0.0 0.0 0.0 
103 -0.08598566526098522 0.1884939276651903 -2.0042710483298767 0.07181432809359907 0.18451890797246326 -1.9814970912287406 0.0001101398359917849 -0.006847790238312945 -0.0006410611259743959 0.0002838198085500926 -0.006675581665481628 -0.000657839184914355 0.0 0.0 0.0 
104 -0.08599140101793096 0.18790186765732902 -2.004330603904905 0.07174497281310285 0.18393347354757442 -1.98149053141859 -2.8678784728675133e-05 -0.0029603000393063628 -0.00029777787514229104 -0.0003467764024810832 -0.0029271721244442106 3.2799050753151704e-05 0.0 0.0 0.0 
105 -0.0853728522228026 0.18824468756985485 -2.0043065007240095 0.07226199411886709 0.1842525498611706 -1.9813936821646205 0.0030927439756418124 0.0017140995626291344 0.00012051590447814675 0.002585106528821199 0.0015953815679808914 0.00048424626984733266 0.0 0.0 0.0 
106 -0.0844042497689817 0.1885067753280667 -2.004345069797046 0.07321306643405348 0.18446923534709847 -1.9813817401375804 0.0048430122691044825 0.001310438791059243 -0.00019284536518338058 0.004755361575931941 0.0010834274296393775 5.9710135200674586e-05 0.0 0.0 0.0 
107 -0.08390441493858773 0.18822201253334062 -2.004416949593093 0.07377084690001272 0.18417298673599714 -1.9814643079011331 0.0024991741519698324 -0.0014238139736304223 -0.0003593989802341824 0.0027889023297961862 -0.0014812430555066758 -0.00041283881776377207 0.0 0.0 0.0 
108 -0.08353766521659699 0.18800550961133983 -2.0044403885872564 0.0741513437078834 0.18398500872589382 -1.9814539126198736 0.0018337486099537226 -0.0010825146100039429 -0.00011719497081674746 0.0019024840393534054 -0.0009398900505165619 5.197640629783784e-05 0.0 0.0 0.0 
109 -0.08242419964671768 0.18793452215951748 -2.0044976014557694 0.0752376913576647 0.1839237424295927 -1.9813628557380203 0.005567327849396522 -0.00035493725911175944 -0.0002860643425650622 0.005431738248906498 -0.00030633148150563394 0.0004552844092664543 0.0 0.0 0.0 
110 -0.08115654372830229 0.18735792653717181 -2.0046567730408187 0.07651767483312702 0.1833171430269583 -1.981387069711773 0.006338279592076959 -0.0028829781117283015 -0.0007958579252465015 0.006399917377311604 -0.0030329970131719175 -0.0001210698687637013 0.0 0.0 0.0 
111 -0.08114357110501186 0.1863141035682171 -2.004754917239125 0.07657637009545601 0.1822657057444396 -1.981513620388267 6.486311645216569e-05 -0.005219114844773609 -0.0004907209915305799 0.0002934763116449468 -0.005257186412593595 -0.0006327533824701526 0.0 0.0 0.0 
112 -0.08202883375533013 0.18560239097314007 -2.004747068122089 0.07568775119310737 0.18160711941731705 -1.981635260446206 -0.004426313251591346 -0.0035585629753850934 3.9245585179426e-05 -0.00444309451174317 -0.0032929316356127003 -0.0006082002896945493 0.0 0.0 0.0 
113 -0.08214755373177299 0.18550754646700604 -2.0047395627031297 0.07552169871772904 0.1815687776595235 -1.9816927875577572 -0.0005935998822143018 -0.00047422253067017084 3.752709479609706e-05 -0.0008302623768916689 -0.00019170878896773713 -0.0002876355577563494 0.0 0.0 0.0 
114 -0.08143345444144626 0.18562635172958233 -2.0047620550507474 0.07622086216590011 0.18168914297998143 -1.9817016698249108 0.0035704964516336535 0.0005940263128814682 -0.00011246173808876492 0.0034958172408553617 0.0006018266022896068 -4.441133576782441e-05 0.0 0.0 0.0 
115 -0.08145697296625408 0.18564157664473294 -2.004754935788684 0.07619311278894218 0.18166678072348788 -1.9816829825127704 -0.00011759262403911175 7.612457575301157e-05 3.559631031713195e-05 -0.00013874688478965336 -0.00011181128246773309 9.343656070193163e-05 0.0 0.0 0.0 
116 -0.08257495335862998 0.1851821831726455 -2.004718947476711 0.07499720254536689 0.18116009521420157 -1.9816502709636423 -0.005589901961879501 -0.0022969673604371355 0.00017994155986578164 -0.0059795512178764665 -0.0025334275464315714 0.00016355774564047465 0.0 0.0 0.0 
117 -0.08371007498714712 0.18407602844860704 -2.0047640678729515 0.07377627574818138 0.1800009273962248 -1.9817131553285738 -0.00567560814258572 -0.005530773620192331 -0.00022560198120302744 -0.006104633985927546 -0.005795839089883792 -0.0003144218246575736 0.0 0.0 0.0 
118 -0.08463337565139244 0.1831001561546082 -2.004807079395736 0.07286283792540378 0.17900503070768672 -1.981851271249962 -0.004616503321226567 -0.004879361469994209 -0.00021505761392370815 -0.0045671891138879955 -0.004979483442690419 -0.0006905796069411885 0.0 0.0 0.0 
119 -0.08592866053803958 0.18322260470505677 -2.0047169189894682 0.07165677304451551 0.17918255349549117 -1.9819109802704336 -0.006476424433235692 0.0006122427522428642 0.00045080203133984753 -0.006030324404441359 0.0008876139390222304 -0.00029854510235738374 0.0 0.0 0.0 
120 -0.08683155289809551 0.18362411667980444 -2.0046420525352175 0.07078444914849878 0.17965643125664638 -1.9818828901321426 -0.004514461800279659 0.002007559873738324 0.0003743322712534969 -0.004361619480083637 0.0023693888057760293 0.000140450691454852 0.0 0.0 0.0 
121 -0.08595941114974988 0.18309428331680305 -2.0047698576660635 0.07163257885685462 0.1791123401707539 -1.9818933173308508 0.004360708741728142 -0.0026491668150069314 -0.0006390256542299078 0.004240648541779177 -0.0027204554294624206 -5.2135993541257974e-05 0.0 0.0 0.0 
122 -0.08397190783028724 0.1826765944695346 -2.0049494375781376 0.07361519758019629 0.17860750151933952 -1.9818992813983436 0.009937516597313192 -0.002088444236342246 -0.000897899560370341 0.009913093616708349 -0.0025241932570718717 -2.9820337463792868e-05 0.0 0.0 0.0 
123 -0.08259349356879256 0.18377905342646148 -2.004901100920719 0.07491717411168054 0.17966390781973596 -1.9817062886617065 0.0068920713074734075 0.005512294784634358 0.0002416832870921759 0.006509882657421279 0.005282031501982198 0.000964963683185438 0.0 0.0 0.0 
124 -0.08119332598855185 0.18462582329237892 -2.004820828290951 0.07611024961876031 0.18055816395163166 -1.9815122421407372 0.007000837901203552 0.00423384932958723 0.000401363148840872 0.005965377535398844 0.004471280659478494 0.0009702326048466325 0.0 0.0 0.0 
125 -0.07827963797657148 0.1831388078905873 -2.0050616580740197 0.0789928871988619 0.17916485141158303 -1.9817035889624637 0.014568440059901863 -0.007435077008958041 -0.0012041489153435947 0.014413187900507926 -0.006966562700243123 -0.0009567341086325065 0.0 0.0 0.0 
126 -0.07587913511968665 0.1818312533703865 -2.0054678487343844 0.08186009298905234 0.17791892463487863 -1.982115418554226 0.012002514284424129 -0.006537772601004077 -0.002030953301823679 0.014336028950952193 -0.006229633883522018 -0.00205914795881168 0.0 0.0 0.0 
127 -0.07700626349844161 0.18384811339701213 -2.005645573132331 0.08146368999395216 0.17992552922270924 -1.982223755466863 -0.005635641893774815 0.010084300133128138 -0.0008886219897319414 -0.001982014975500865 0.010033022939153063 -0.0005416845631844858 0.0 0.0 0.0 
128 -0.07871359919132306 0.18625525133761286 -2.0058862063921614 0.08029298416534575 0.18240499574893632 -1.9821698130956305 -0.008536678464407255 0.012035689703003699 -0.001203166299152958 -0.0058535291430320685 0.012397332631135377 0.0002697118561623135 0.0 0.0 0.0 
129 -0.07425087795712733 0.1845019805694258 -2.0067518725031834 0.08508722668887087 0.18128825855994923 -1.9823485892312942 0.022313606170978675 -0.008766353840935354 -0.00432833055511006 0.02397121261762558 -0.005583685944935413 -0.0008938806783187481 0.0 0.0 0.0 
130 -0.06680098092669662 0.1811549825102745 -2.007816879136191 0.09266654559857361 0.17955477514074575 -1.9821582577454984 0.03724948515215355 -0.016734990295756424 -0.005325033165037851 0.037896594548513726 -0.008667417096017427 0.0009516574289791802 0.0 0.0 0.0 
131 -0.0699938728548159 0.181213681616153 -2.0080254768574783 0.08871225660337198 0.18173137551057533 -1.9809145569160278 -0.015964459640596396 0.000293495529392479 -0.001042988606436701 -0.01977144497600815 0.010883001849147922 0.00621850414735281 0.0 0.0 0.0 
132 -0.09682416366516439 0.18201144283077983 -2.0069453841206686 0.0599427834219801 0.18394894312587576 -1.9793704989961676 -0.13415145405174245 0.003988806073134121 0.005400463684048784 -0.14384736590695937 0.011087838076502127 0.0077202895993011555 0.0 0.0 0.0 
133 -0.13702149186037954 0.1778663062992564 -2.0048435315407 0.017780778332836696 0.17995439207091912 -1.9786030821086227 -0.20098664097607577 -0.02072568265761715 0.010509262899842664 -0.210810025445717 -0.019972755274783177 0.0038370844377244584 0.0 0.0 0.0 
134 -0.16852267066181442 0.17208535050437354 -2.0028054664943675 -0.014342303261000236 0.1735676611978219 -1.9788983404275584 -0.1575058940071744 -0.02890477897441429 0.010190325231662634 -0.16061540796918466 -0.031933654365486064 -0.0014762915946786581 0.0 0.0 0.0 
135 -0.18243607187811858 0.17304521929416827 -2.001506698667809 -0.027627737356801664 0.17364917863078838 -1.9793526085352802 -0.0695670060815208 0.004799343948973661 0.006493839132792889 -0.06642717047900713 0.000407587164832357 -0.0022713405386087793 0.0 0.0 0.0 
136 -0.19219310993787728 0.18118224630887905 -1.9996868800616454 -0.0366886673372467 0.1801612829286168 -1.9789436929847244 -0.04878519029879347 0.040685135073553896 0.009099093030817684 -0.045304649902225165 0.0325605214891421 0.0020445777527788866 0.0 0.0 0.0 
137 -0.2150383700392179 0.19138875261884147 -1.995194542160047 -0.058696465575051704 0.186645621026441 -1.9778978352449545 -0.11422630050670318 0.051032531549812105 0.0224616895079921 -0.11003899118902503 0.032421690489121 0.005229288698849199 0.0 0.0 0.0 
138 -0.24897306799398786 0.20542436167823105 -1.9858228032836338 -0.09268159199860677 0.19315276435307444 -1.9763255178371357 -0.16967348977384972 0.0701780452969479 0.04685869438206591 -0.16992563211777534 0.03253571663316718 0.00786158703909412 0.0 0.0 0.0 
139 -0.2817605332564417 0.229665702010297 -1.9705602265317983 -0.12607018603168618 0.2044375941509309 -1.9737811016925495 -0.16393732631226912 0.12120670166032979 0.07631288375917755 -0.16694297016539703 0.05642414898928236 0.012722080722931128 0.0 0.0 0.0 
140 -0.303109120642811 0.2598839563898981 -1.9489184383071267 -0.15117504879452237 0.2177639075335273 -1.9706555248476167 -0.1067429369318465 0.15109127189800536 0.10820894112335777 -0.12552431381418094 0.06663156691298203 0.01562788422466377 0.0 0.0 0.0 
141 -0.3112080873320451 0.28309564544511856 -1.9222512643967409 -0.16696700611788348 0.2245587129228577 -1.9683941760754569 -0.0404948334461705 0.11605844527610237 0.13333586955192933 -0.07895978661680556 0.03397402694665194 0.01130674386079944 0.0 0.0 0.0 
142 -0.30617413566887103 0.2922084679999514 -1.8910906021731844 -0.17178065816456833 0.2226671053717486 -1.9679952888657726 0.02516975831587026 0.045564112774164334 0.15580331111778256 -0.02406826023342426 -0.009458037755545462 0.001994436048421422 0.0 0.0 0.0 
143 -0.2913464716342378 0.29100249972585296 -1.8532781496401693 -0.16629061160027744 0.21855390961013374 -1.9687891293671689 0.07413832017316602 -0.006029841370492339 0.1890622626650751 0.02745023282145445 -0.020565978808074342 -0.003969202506981517 0.0 0.0 0.0 
144 -0.27557836286705983 0.28549291972080537 -1.8077262261649663 -0.1582212349985524 0.21726702279432983 -1.969498711320662 0.07884054383588995 -0.027547900025237937 0.22775961737601547 0.04034688300862524 -0.0064344340790195576 -0.0035479097674651072 0.0 0.0 0.0 
145 -0.2642000202156033 0.27649994927258686 -1.7566932901245884 -0.15342871040890982 0.2169450475962555 -1.96982914408364 0.056891713257282706 -0.044964852241092534 0.2551646802018892 0.023962622948212886 -0.0016098759903716842 -0.0016521638148903062 0.0 0.0 0.0 
146 -0.25346877950564356 0.2633123310769154 -1.7029012818471088 -0.1482762944852681 0.21452946102733836 -1.9703405963192335 0.053656203549798664 -0.06593809097835746 0.26896004138739826 0.02576207961820856 -0.012077932844585665 -0.00255726117796784 0.0 0.0 0.0 
147 -0.23983242504143648 0.24885833046136976 -1.6477951550225036 -0.13864822337533425 0.21099022696010244 -1.9711708934794505 0.0681817723210354 -0.07227000307772805 0.2755306341230257 0.04814035554966928 -0.017696170336179567 -0.004151485801084931 0.0 0.0 0.0 
148 -0.2245709204343566 0.2365257694607918 -1.5937062183277055 -0.12589552381773653 0.20862911878712806 -1.9720738156087452 0.07630752303539934 -0.06166280500288987 0.2704446834739904 0.06376349778798862 -0.011805540864871927 -0.004514610646473294 0.0 0.0 0.0 
149 -0.2066946331951207 0.2259041831084173 -1.5438667758440654 -0.10913894282444138 0.20728753971381175 -1.9730988716858082 0.0893814361961795 -0.053107931761872396 0.2491972124182007 0.08378290496647574 -0.006707895366581534 -0.005125280385315234 0.0 0.0 0.0 
150 -0.18353759973842154 0.21519952958872351 -1.4997011358926753 -0.0851221856587471 0.20557323187498566 -1.9743189100096825 0.11578516728349586 -0.05352326759846898 0.22082819975695056 0.12008378582847139 -0.00857153919413045 -0.006100191619371476 0.0 0.0 0.0 
151 -0.15844954346433102 0.2047624969228164 -1.4613568230067544 -0.05744115013390485 0.20436507217694605 -1.9752141580273797 0.12544028137045263 -0.0521851633295356 0.19172156442960442 0.13840517762421126 -0.006040798490198063 -0.0044762400884856834 0.0 0.0 0.0 
152 -0.13393265252277328 0.19465753667952315 -1.4313909509094997 -0.02898168972589621 0.205619451176293 -1.9752509507849796 0.12258445470778867 -0.050524801216466214 0.14982936048627327 0.14229730204004318 0.006271894996734695 -0.00018396378799967472 0.0 0.0 0.0 
153 -0.10041229361768719 0.18185226804108107 -1.4133456716019739 0.012022499193848499 0.20777945861488448 -1.9741963640545812 0.16760179452543045 -0.06402634319221043 0.09022639653762932 0.20502094459872353 0.01080003719295744 0.005272933651991885 0.0 0.0 0.0 
154 -0.05590750092403167 0.1650948190002511 -1.4046593498741833 0.06833041633106587 0.20788380160541017 -1.9711894680527966 0.2225239634682776 -0.08378724520414979 0.04343160863895301 0.28153958568608684 0.0005217149526284826 0.015034480008923046 0.0 0.0 0.0 
155 -0.01191163738904671 0.15014887273579516 -1.3974257800202259 0.12212395892211768 0.20914272587623406 -1.9661904720679202 0.21997931767492476 -0.07472973132227972 0.036167849269787 0.268967712955259 0.0062946213541194285 0.024994979924382044 0.0 0.0 0.0 
156 0.005703331091978264 0.14444375091665776 -1.388309506853146 0.14142653878294126 0.21959535196514568 -1.9596185928572234 0.08807484240512486 -0.02852560909568702 0.045581365835399845 0.0965128993041179 0.052263130444558104 0.03285939605348398 0.0 0.0 0.0 
157 -0.0010091825938267867 0.1440949788682883 -1.3821595120160537 0.13212058849445715 0.23896675168590875 -1.9475607915821085 -0.033562568429025254 -0.0017438602418473614 0.030749974185461104 -0.046529751442420525 0.09685699860381536 0.06028900637557455 0.0 0.0 0.0 
158 0.008463907242556794 0.1450006262573399 -1.3807911328462135 0.14460918442603632 0.26667583752704177 -1.9196791830188698 0.0473654491819179 0.0045282369452580296 0.006841895849201141 0.06244297965789583 0.1385454292056651 0.13940804281619368 0.0 0.0 0.0 
159 0.041171554192612744 0.14894258281757117 -1.3802908029430492 0.18506299231789372 0.30237782004299507 -1.8701263783450233 0.16353823475027973 0.019709782801156372 0.002501649515821436 0.202269039459287 0.1785099125797665 0.24776402336923242 0.0 0.0 0.0 
160 0.07264564675013505 0.15930595999973945 -1.377375177619328 0.21947630387681427 0.3442965753639178 -1.8060036894891733 0.1573704627876115 0.05181688591084144 0.014578126618606246 0.17206655779460275 0.20959377660461354 0.32061344427924965 0.0 0.0 0.0 
161 0.08517981249306344 0.17477674800383142 -1.3741746725651303 0.22747380778644347 0.38733695970186943 -1.7369888752069225 0.062670828714642 0.07735394002045981 0.016002525270988333 0.03998751954814597 0.21520192168975827 0.34507407141125435 0.0 0.0 0.0 
162 0.09030575877569663 0.18991363300686098 -1.3722200989658124 0.22719293593628961 0.4206326937989434 -1.665477713906098 0.025629731413165935 0.07568442501514783 0.009772867996589163 -0.0014043592507692604 0.1664786704853699 0.3575558065041229 0.0 0.0 0.0 
163 0.0969367826175882 0.20195756882680163 -1.3706064882121807 0.23020614301062425 0.43714067980676513 -1.5922458013899428 0.03315511920945785 0.060219679099703244 0.008068053768158778 0.015066035371673198 0.08253993003910859 0.36615956258077564 0.0 0.0 0.0 
164 0.09692288448673095 0.21317046386792804 -1.3688964496821623 0.22553583217473336 0.439044827240079 -1.51935774524535 -6.949065428626944e-05 0.05606447520563204 0.008550192650091937 -0.023351554179454476 0.00952073716656926 0.3644402807229641 0.0 0.0 0.0 
165 0.08390851386541986 0.2257602443988408 -1.3676462639576932 0.20679580317550939 0.43062783538228666 -1.4479563613978648 -0.06507185310655542 0.06294890265456377 0.006250928622345553 -0.09370014499611987 -0.04208495928896161 0.3570069192374259 0.0 0.0 0.0 
166 0.06329384211776443 0.23822272367195893 -1.3669188977160358 0.1813004986409476 0.4121402898126274 -1.3765875169303001 -0.1030733587382772 0.06231239636559069 0.0036368312082868393 -0.1274765226728089 -0.09243772784829629 0.3568442223378232 0.0 0.0 0.0 
167 0.04136182606404007 0.24749744186900513 -1.3665044027346438 0.15555850797098686 0.3820798469984058 -1.3031984565438628 -0.10966008026862178 0.046373590985231 0.0020724749069600534 -0.12870995334980373 -0.150302214071108 0.36694530193218666 0.0 0.0 0.0 
168 0.021928617525591346 0.2513805179962507 -1.3664643140416206 0.1325978425137196 0.34157833120767966 -1.2268928964172623 -0.09716604269224362 0.01941538063622794 0.00020044346511594036 -0.11480332728633635 -0.2025075789536307 0.3815278006330025 0.0 0.0 0.0 
169 0.0076801141264314 0.2489924040461574 -1.3670404933833509 0.11401018939412245 0.2956229238503608 -1.1483982150847951 -0.07124251699579973 -0.011940569750466534 -0.002880896708651326 -0.09293826559798567 -0.22977703678659422 0.3924734066623359 0.0 0.0 0.0 
170 -0.00425297585195535 0.24094818667376777 -1.3682812390454326 0.0964066629801149 0.25140364175802765 -1.0698091747854492 -0.05966544989193375 -0.040221086861948196 -0.006203728310408829 -0.0880176320700378 -0.22109641046166584 0.3929452014967294 0.0 0.0 0.0 
171 -0.015429084424345268 0.22917146159569157 -1.370015537127385 0.07944808769844133 0.21522190965544796 -0.9945392259362985 -0.055880542861949586 -0.058883625390381 -0.008671490409761784 -0.08479287640836781 -0.18090866051289844 0.3763497442457536 0.0 0.0 0.0 
172 -0.024019047544517023 0.21568304253652046 -1.372098351224113 0.06518559545904391 0.18885915707376802 -0.9279229281215272 -0.042949815600858775 -0.06744209529585557 -0.010414070483639737 -0.0713124611969871 -0.13181376290839972 0.3330814890738565 0.0 0.0 0.0 
173 -0.026926188559493802 0.2019627565352575 -1.3740744383637158 0.05570145556049117 0.1687675848755295 -0.8765651796903016 -0.014535705074883894 -0.0686014300063148 -0.009880435698014223 -0.04742069949276371 -0.10045786099119255 0.25678874215612824 0.0 0.0 0.0 
174 -0.03173491521175034 0.19004338842321802 -1.374965019172515 0.04526278500275734 0.15036291786276684 -0.8437856939082224 -0.0240436332612827 -0.05959684056019737 -0.004452904043995565 -0.05219335278866914 -0.09202333506381333 0.1638974289103956 0.0 0.0 0.0 
175 -0.04857380505105677 0.18319607621937906 -1.3739350287374263 0.02784981967154842 0.13327459278130419 -0.8258708335830365 -0.08419444919653213 -0.03423656101919484 0.005149952175442785 -0.08706482665604462 -0.08544162540731329 0.08957430162592983 0.0 0.0 0.0 
176 -0.06706366544815913 0.18473986115597457 -1.3707178024134625 0.012007570970310917 0.12102178579652217 -0.8148484606881841 -0.09244930198551181 0.007718924682977579 0.01608613161981909 -0.07921124350618751 -0.061264034923910055 0.055111864474262084 0.0 0.0 0.0 
177 -0.07109219759875642 0.19528062513035144 -1.3650667625235509 0.008833476471121947 0.11546694780824066 -0.8069135257417209 -0.02014266075298643 0.05270381987188433 0.028255199449558344 -0.01587047249594485 -0.027774189941407595 0.03967467473231567 0.0 0.0 0.0 
178 -0.0665012054393041 0.21265930077190437 -1.353886900590631 0.01418980354131518 0.11367115599506966 -0.8029610741175747 0.022954960797261573 0.08689337820776466 0.05589930966459877 0.02678163535096616 -0.008978959065854969 0.01976225812073129 0.0 0.0 0.0 
179 -0.0730568224472918 0.23649404429344076 -1.330076919558379 0.014300002575111674 0.11184250218924743 -0.8027397537250847 -0.03277808503993847 0.11917371760768194 0.11904990516126035 0.0005509951689824759 -0.00914326902911114 0.001106601962450049 0.0 0.0 0.0 
180 -0.0924416659447028 0.2661790178618489 -1.2872259215753579 0.005927853780990852 0.11024932033740238 -0.8033766533767592 -0.096924217487055 0.14842486784204065 0.21425498991510583 -0.04186074397060411 -0.00796590925922526 -0.0031844982583728587 0.0 0.0 0.0 
181 -0.10769914410427321 0.29733800465830695 -1.2283535181259286 -0.0020738351237080442 0.11153508556225622 -0.8029406011085591 -0.07628739079785209 0.15579493398229033 0.29436201724714617 -0.040008444523494474 0.006428826124269191 0.0021802613410004668 0.0 0.0 0.0 
182 -0.11406725326429216 0.32613132138302897 -1.1611948364828166 -0.006037844613993504 0.11689255505224433 -0.8019007556018642 -0.031840545800094766 0.1439665836236101 0.33579340821556003 -0.0198200474514273 0.026787347449940546 0.00519922753347446 0.0 0.0 0.0 
183 -0.12011070352317056 0.34557852967736846 -1.0886424727669712 -0.010469212946194108 0.12394235873415066 -0.8008690303027354 -0.030217251294391984 0.09723604147169745 0.36276181857922696 -0.022156841661003016 0.03524901840953165 0.005158626495644358 0.0 0.0 0.0 
184 -0.12913734566531457 0.3491095760839188 -1.0116139073826307 -0.017433588171454947 0.129563835354778 -0.7998169095929244 -0.04513321071072003 0.017655232032751655 0.38514282692170276 -0.0348218761263042 0.028107383103136707 0.0052606035490548875 0.0 0.0 0.0 
185 -0.13667951252932137 0.33744814212334995 -0.9313785319545306 -0.023988602614842126 0.13383745189013901 -0.7987536359110275 -0.037710834320034 -0.05830716980284423 0.40117687714050054 -0.032775072216935895 0.021368082676805067 0.00531636840948424 0.0 0.0 0.0 
186 -0.13863501158912436 0.31414686650234247 -0.8491077654293243 -0.027431172760712386 0.1379185449053531 -0.7978869269314832 -0.009777495299014977 -0.11650637810503739 0.4113538326260313 -0.017212850729351296 0.02040546507607044 0.004333544897721642 0.0 0.0 0.0 
187 -0.1345047327997462 0.2817144873979993 -0.7642696041210746 -0.027268690526456196 0.1411021012247988 -0.7973338267643887 0.020651393946890806 -0.16216189552171578 0.42419080654124863 0.0008124111712809468 0.01591778159722848 0.0027655008354726673 0.0 0.0 0.0 
188 -0.12646230025862934 0.24360156573584119 -0.6755638744378767 -0.024048625647601303 0.1423972467631779 -0.7971279738933832 0.04021216270558431 -0.19056460831079064 0.4435286484159895 0.016100324394274466 0.006475727691895444 0.0010292643550274816 0.0 0.0 0.0 
189 -0.11779686210794381 0.20431966980783034 -0.5837426529431743 -0.01994883560592761 0.14231039326323935 -0.7971569474956774 0.043327190753427655 -0.19640947964005423 0.459106107473512 0.020498950208368474 -0.0004342674996926643 -0.00014486801147128858 0.0 0.0 0.0 
190 -0.10867658707073166 0.16772950911687634 -0.4916645028552557 -0.015641305353416075 0.1412754963032937 -0.797284862780319 0.045601375186060736 -0.18295080345477 0.46039075043959293 0.021537651262557665 -0.0051744847997282906 -0.0006395764232075551 0.0 0.0 0.0 
191 -0.09735446712479902 0.13803336597189575 -0.4026672035946276 -0.008207181298871713 0.13895947075729695 -0.7975209115832648 0.056610599729663216 -0.14848071572490296 0.4449864963031405 0.03717062027272181 -0.011580127729983736 -0.0011802440147290483 0.0 0.0 0.0 
192 -0.08531733603480549 0.1183972196963088 -0.3215207315515317 0.003317415709312513 0.1369052000254276 -0.7975496915631958 0.060185655449967665 -0.09818073137793475 0.4057323602154794 0.05762298504092112 -0.0102713536593467 -0.00014389989965502004 0.0 0.0 0.0 
193 -0.0743257794857902 0.10616382538787734 -0.2563553821151263 0.017139787314709217 0.13899612453999158 -0.7964374099747473 0.054957782745076456 -0.06116697154215728 0.325826747182027 0.06911185802698352 0.010454622572819844 0.005561407942242247 0.0 0.0 0.0 
194 -0.07129425744898767 0.09424859830996649 -0.21447083324365376 0.02507443616417948 0.1462873312699724 -0.7932866839636133 0.01515761018401264 -0.059576135389554294 0.20942274435736277 0.039673244247351316 0.0364560336499041 0.015753630055669876 0.0 0.0 0.0 
195 -0.05340036060332031 0.07909064739496596 -0.19459840664013747 0.05154486006558667 0.15393320074024475 -0.7886341267220275 0.08946948422833677 -0.07578975457500262 0.09936213301758146 0.13235211950703596 0.03822934735136174 0.02326278620792932 0.0 0.0 0.0 
196 -0.04823084838206122 0.06549164298665644 -0.18432806046401534 0.06846857406187523 0.16154435436295328 -0.7813603081639507 0.025847561106295443 -0.06799502204154761 0.05135173088061065 0.08461856998144279 0.038055768113542665 0.036369092790383695 0.0 0.0 0.0 
197 -0.04397469988936282 0.057918694135961395 -0.17352724433792227 0.07893369040021934 0.17553391066605856 -0.7688993052713164 0.02128074246349202 -0.037864744253475226 0.054004080630465356 0.052325581691720566 0.06994778151552639 0.06230501446317149 0.0 0.0 0.0 
198 -0.04768756126797442 0.05590015354308503 -0.16311522176128745 0.06840799182524444 0.2016260121103775 -0.7447531315556308 -0.01856430689305799 -0.010092702964381826 0.05206011288317408 -0.052628492874874505 0.13046050722159475 0.12073086857842807 0.0 0.0 0.0 
199 -0.050272117203558835 0.05579849712106169 -0.15774454004957605 0.051887050454884044 0.23390117168114885 -0.7008289248841965 -0.012922779677922089 -0.0005082821101166923 0.026853408558557 -0.08260470685180199 0.16137579785385672 0.21962103335717187 0.0 0.0 0.0 
200 -0.048929346220104634 0.05605201085059136 -0.1571653713675322 0.04574879918676174 0.26153132910663274 -0.6385301601584126 0.0067138549172710005 0.0012675686476483483 0.0028958434102192843 -0.030691256340611532 0.13815078712741943 0.3114938236289194 0.0 0.0 0.0 
201 -0.046409516179107366 0.05692609788731874 -0.15701771275393872 0.046786175000444644 0.28154605990267767 -0.5676092423188864 0.012599150204986344 0.004370435183636903 0.0007382930679673827 0.005186879068414529 0.10007365398022466 0.3546045891976307 0.0 0.0 0.0 
202 -0.04658259358715029 0.05831121399749524 -0.15617921074022323 0.04318320881444989 0.2939695923689354 -0.49376751074805947 -0.0008653870402146324 0.006925580550882493 0.00419251006857746 -0.018014830929973767 0.06211766233128857 0.3692086578541348 0.0 0.0 0.0 
203 -0.04784263489133914 0.05939267101428432 -0.15587249064771289 0.03693555763704272 0.2938273616738012 -0.4194000964497596 -0.006300206520944256 0.00540728508394539 0.0015336004625517152 -0.03123825588703586 -0.000711153475670967 0.37183707149149925 0.0 0.0 0.0 
204 -0.048547993893149004 0.059920610831376786 -0.15594136967590083 0.03326014637832396 0.27910079890601647 -0.34454341874480415 -0.003526795009049302 0.002639699085462341 -0.00034439514093972945 -0.01837705629359379 -0.07363281383892362 0.3742833885247773 0.0 0.0 0.0 
205 -0.04931444259959543 0.06043447179964036 -0.15562146051443135 0.0322036829481884 0.2539200992507858 -0.26824109064537505 -0.0038322435322321255 0.002569304841317857 0.001599545807347419 -0.005282317150677798 -0.12590349827615338 0.38151164049714553 0.0 0.0 0.0 
206 -0.05037380920871566 0.061204893990684794 -0.15525872158984216 0.032587251558075826 0.22189414649473388 -0.19028117981050316 -0.0052968330456011625 0.003852110955222185 0.0018136946229459217 0.0019178430494371304 -0.16012976378025956 0.3897995541743594 0.0 0.0 0.0 
207 -0.051206051869438926 0.061875684550054016 -0.15519359966774518 0.03358671167929495 0.18435297131727157 -0.1101394274457068 -0.0041612133036163235 0.0033539527968461103 0.0003256096104849171 0.004997300606095628 -0.18770587588731152 0.40070876182398174 0.0 0.0 0.0 
208 -0.052148404569396664 0.062157276118923646 -0.15492070557043663 0.03426652214856194 0.1444696507515145 -0.027044719545718836 -0.00471176349978869 0.0014079578443481483 0.0013644704865427293 0.0033990523463349465 -0.1994166028287854 0.4154735394999398 0.0 0.0 0.0 
209 -0.05351853475595522 0.062081811000004594 -0.15435689407681097 0.03466039075924775 0.10661003426738935 0.05874523583051826 -0.006850650932792787 -0.0003773255945952597 0.0028190574681283276 0.0019693430534290304 -0.1892980824206257 0.42894977688118546 0.0 0.0 0.0 
210 -0.054914280283849065 0.06178329349004341 -0.1540399866255199 0.0350234548122863 0.0736899233476491 0.14540506397762043 -0.006978727639469218 -0.0014925875498059127 0.0015845372564553262 0.0018153202651927797 -0.1646005545987013 0.43329914073551085 0.0 0.0 0.0 
211 -0.05615513349973528 0.06150162118662389 -0.1537806881039326 0.035756232156986686 0.048485319610841286 0.22985190072480402 -0.006204266079431059 -0.0014083615170976116 0.0012964926079364614 0.0036638867235019162 -0.12602301868403903 0.4222341837359179 0.0 0.0 0.0 
212 -0.057691195700738176 0.06142946755749039 -0.1528978962526628 0.03863456626491109 0.03339728311802335 0.3078149117490437 -0.007680311005014498 -0.00036076814566750326 0.004413959256348993 0.014391670539622009 -0.07544018246408969 0.3898150551211983 0.0 0.0 0.0 
213 -0.05934527970444078 0.06169036595245108 -0.15155820460532568 0.0442573106234274 0.025568543882401443 0.37284682953471016 -0.008270420018513004 0.001304491974803458 0.0066984582366856615 0.028113721792581564 -0.039143696178109526 0.32515958892833235 0.0 0.0 0.0 
214 -0.062060024128778465 0.06271439457025343 -0.15023340703175728 0.04886512326043773 0.017331636899981594 0.4173565187454697 -0.01357372212168844 0.005120143089011771 0.006623987867842018 0.023039063185051646 -0.041184534912099245 0.2225484460537977 0.0 0.0 0.0 
215 -0.06552610127908962 0.06523984796244223 -0.14803891066150057 0.05329350247847782 0.0050442421857160025 0.43962029372048733 -0.017330385751555752 0.012627266960943961 0.010972481851283522 0.022141896090200446 -0.061436973571327956 0.11131887487508818 0.0 0.0 0.0 
216 -0.07009810554193424 0.07001093581801252 -0.14352828974135878 0.06133342371792721 -0.008290553011055184 0.44833764035487594 -0.022860021314223128 0.023855439277851442 0.022553104600708945 0.04019960619724695 -0.06667397598385592 0.04358673317194306 0.0 0.0 0.0 
217 -0.07424577133741259 0.07883474029899476 -0.13630836599686677 0.07188304954770122 -0.01910182763423824 0.45560782785395026 -0.020738328977391723 0.04411902240491122 0.036099618722460064 0.05274812914887007 -0.05405637311591528 0.036350937495371605 0.0 0.0 0.0 
218 -0.07679357768814511 0.094548539741593 -0.12414044064708218 0.07736334602426169 -0.027608129522530084 0.4639169029307593 -0.01273903175366263 0.07856899721299118 0.06083962674892293 0.027401482382802336 -0.04253150944145922 0.04154537538404529 0.0 0.0 0.0 
219 -0.07771326643687718 0.119365760345346 -0.0996771455172547 0.07590569187633239 -0.03463439397712669 0.46826380229221204 -0.0045984437436603215 0.12408610301876503 0.12231647564913739 -0.007288270739646482 -0.03513132227298304 0.02173449680726358 0.0 0.0 0.0 
220 -0.07613705419698684 0.14876547941887913 -0.05448937734170013 0.07696968193052471 -0.04033177534799666 0.46699591396562234 0.007881061199451686 0.14699859536766563 0.22593884087777286 0.00531995027096159 -0.02848690685434984 -0.006339441632948473 0.0 0.0 0.0 
221 -0.07003143188750464 0.17318859455593205 0.007652000429674399 0.0847660722696226 -0.04469422475217883 0.4643637527959787 0.030528111547410974 0.1221155756852646 0.31070688885687264 0.038981951695489445 -0.021812247020910856 -0.013160805848218271 0.0 0.0 0.0 
222 -0.06032837760905846 0.18791375666542479 0.07570702610580289 0.09118521049256985 -0.047617119131355495 0.4636724933108324 0.04851527139223093 0.07362581054746367 0.34027512838064244 0.032095691114736244 -0.014614471895883323 -0.003456297425731558 0.0 0.0 0.0 
223 -0.05189261829460803 0.18999703196641557 0.1458526080746653 0.0902638280455359 -0.0491816944703788 0.464135551511553 0.04217879657225216 0.010416376504953917 0.350727909844312 -0.0046069122351697495 -0.00782287669511654 0.002315291003603115 0.0 0.0 0.0 
224 -0.04690443039273397 0.17782215770030405 0.21860678802769923 0.08673773411466508 -0.04971780664553989 0.46398209225819653 0.024940939509370298 -0.06087437133055762 0.36377089976516963 -0.017630469654354095 -0.0026805608758054267 -0.0007672962667823469 0.0 0.0 0.0 
225 -0.042589530257545645 0.1534846327263716 0.29472396026757736 0.08523488497615303 -0.04936827014654442 0.46382522826636186 0.02157450067594161 -0.12168762486966217 0.38058586119939064 -0.007514245692560248 0.0017476824949773373 -0.0007843199591733852 0.0 0.0 0.0 
226 -0.03794081958088588 0.11940818406625299 0.3747742682515256 0.08361887867781824 -0.04851979623929994 0.46450951779173755 0.023243553383298816 -0.1703822433005931 0.4002515399197412 -0.008080031491673953 0.0042423695362224165 0.00342144762687846 0.0 0.0 0.0 
227 -0.0346196457816795 0.07830060267525689 0.4599534524220812 0.0798034338256272 -0.04792125802375524 0.4654249304573463 0.01660586899603189 -0.2055379069549805 0.42589592085277794 -0.019077224260955206 0.002992691077723479 0.004577063328043696 0.0 0.0 0.0 
228 -0.0327432052656956 0.036020156506477094 0.5499322851555533 0.07532223753443182 -0.04747006635390737 0.4661543855585728 0.009382202579919507 -0.21140223084389898 0.44989416366736035 -0.0224059814559769 0.002255958349239376 0.0036472755061325857 0.0 0.0 0.0 
229 -0.032060858508351324 -0.0008185305515851504 0.642366325914625 0.07069640088600726 -0.04611321095110265 0.4672558672031037 0.0034117337867213895 -0.1841934352903112 0.46217020379535845 -0.02312918324212279 0.006784277014023586 0.005507408222654442 0.0 0.0 0.0 
230 -0.03404748897954593 -0.028886226473717372 0.7357939306295612 0.06456894182375443 -0.04367084580376678 0.46874265315022495 -0.009933152355973036 -0.1403384796106611 0.46713802357468137 -0.03063729531126415 0.012211825736679338 0.007433929735606304 0.0 0.0 0.0 
231 -0.03865937941927199 -0.048245911658260504 0.8279953016170485 0.05762466681823479 -0.041415074639266095 0.4699205866048574 -0.023059452198630308 -0.09679842592271566 0.4610068549374363 -0.0347213750275982 0.011278855822503438 0.005889667273162313 0.0 0.0 0.0 
232 -0.044852056693604696 -0.061104763247722724 0.9141529447327182 0.05109916661817248 -0.04024299419950956 0.47089658622419367 -0.030963386371663515 -0.0642942579473111 0.4307882155783488 -0.03262750100031155 0.0058604021987826785 0.004879998096681271 0.0 0.0 0.0 
233 -0.05526029112519026 -0.06968400792581417 0.9910244627740099 0.0431322227072997 -0.03960766895386586 0.4723993594827118 -0.052041172157927806 -0.04289622339045722 0.3843575902064583 -0.039834719554363886 0.0031766262282184946 0.007513866292590543 0.0 0.0 0.0 
234 -0.07333160667645626 -0.07638716963582311 1.0575150984980481 0.031577341558903384 -0.03894068982720958 0.4742969122396991 -0.09035657775633 -0.0335158085500447 0.3324531786201912 -0.057774405741981595 0.003334895633281404 0.009487763784936654 0.0 0.0 0.0 
235 -0.09603141625826601 -0.0871339599339486 1.110549058162582 0.018819369905224818 -0.03870747370082018 0.47621072226863687 -0.11349904790904877 -0.053733951490627443 0.26516979832266974 -0.06378985826839283 0.0011660806319470016 0.009569050144688784 0.0 0.0 0.0 
236 -0.12090689242899723 -0.10648057659278241 1.1454664000882047 0.007652525907942489 -0.03820422021084306 0.47865908638914223 -0.12437738085365607 -0.09673308329416909 0.17458670962811285 -0.055834219986411644 0.0025162674498855828 0.01224182060252682 0.0 0.0 0.0 
237 -0.15637133085217178 -0.1288958661163231 1.1630248729723482 -0.0071549717573458176 -0.03442602553108106 0.4824844363706068 -0.17732219211587275 -0.11207644761770337 0.08779236442071792 -0.07403748832644153 0.01889097339881001 0.01912674990732277 0.0 0.0 0.0 
238 -0.19944497838594716 -0.14401375059005744 1.1723715831030475 -0.026094721560218366 -0.025058234588461986 0.48781346395451464 -0.2153682376688769 -0.07558942236867178 0.04673355065349605 -0.09469874901436273 0.04683895471309537 0.026645137919539263 0.0 0.0 0.0 
239 -0.22487506434051993 -0.14985361614776377 1.18540390628194 -0.03768433256080571 -0.0108889108476911 0.4963414518319509 -0.12715042977286387 -0.029199327788531626 0.06516161589446234 -0.05794805500293671 0.07084661870385443 0.04263993938718125 0.0 0.0 0.0 
240 -0.21587058331163383 -0.15131594334323697 1.2044579038233625 -0.033775229355744084 0.007549145839944538 0.513370429532847 0.04502240514443048 -0.007311635977366032 0.09526998770711281 0.019545516025308123 0.09219028343817819 0.08514488850448032 0.0 0.0 0.0 
241 -0.19380512164452443 -0.15356652446542274 1.2182413459797574 -0.024467686876598074 0.02982196088212631 0.5451034435648086 0.11032730833554702 -0.011252905610928815 0.06891721078197466 0.04653771239573005 0.11136407521090887 0.15866507015980802 0.0 0.0 0.0 
242 -0.19013041300422337 -0.16052176894308684 1.2208548244180732 -0.02759691799690609 0.0495965047932327 0.5937608135995466 0.018373543201505305 -0.03477622238832051 0.013067392191579152 -0.015646155601540084 0.09887271955553195 0.24328685017369012 0.0 0.0 0.0 
243 -0.20528713551037758 -0.1708003309105943 1.2182483124202668 -0.04493825073920878 0.06133323189478396 0.6524926144124038 -0.07578361253077107 -0.05139280983753727 -0.01303255998903241 -0.08670666371151342 0.05868363550775628 0.29365900406428613 0.0 0.0 0.0 
244 -0.21584744298278458 -0.17861875734840554 1.2169451343675455 -0.06369562670053126 0.06734538147194784 0.7140893456096858 -0.05280153736203497 -0.039092132189056245 -0.006515890263606439 -0.09378687980661243 0.030060747885819403 0.3079836559864102 0.0 0.0 0.0 
245 -0.212232423978958 -0.18069524002224574 1.2176781258806961 -0.07433657616015055 0.06803357213736569 0.7767389795118221 0.018075095019132875 -0.010382413369200982 0.0036649575657532463 -0.05320474729809642 0.003440953327089255 0.31324816951068146 0.0 0.0 0.0 
246 -0.202191287454144 -0.18067087296181308 1.2188682381051932 -0.07758293889205736 0.0595742955591953 0.8395059897399828 0.05020568262407002 0.0001218353021632812 0.005950561122485265 -0.016231813659534078 -0.04229638289085194 0.31383505114080334 0.0 0.0 0.0 
247 -0.19254602121989414 -0.1831747466274925 1.220282840253 -0.07686099280635426 0.03971883240842963 0.9010520978611519 0.048226331171249276 -0.01251936832839709 0.007073010739033769 0.0036097304285154924 -0.09927731575382834 0.3077305406058456 0.0 0.0 0.0 
248 -0.1846344381821411 -0.1861587664291311 1.221683607782654 -0.07341307008641557 0.01246291908030242 0.9596263148634004 0.03955791518876525 -0.014920099008192966 0.007003837648270617 0.01723961359969349 -0.13627956664063606 0.2928710850112426 0.0 0.0 0.0 
249 -0.18052834732663137 -0.18414661287158435 1.222520016940448 -0.0698445380252496 -0.014592451524111705 1.0149230636284368 0.020530454277548627 0.010060767787733738 0.004182045788969635 0.017842660305829802 -0.13527685302207063 0.2764837438251816 0.0 0.0 0.0 
250 -0.1783714630360459 -0.1775748969639767 1.2235026393503539 -0.06630077638865586 -0.03782487103175952 1.0673749543063555 0.01078442145292735 0.03285857953803817 0.004913112049529378 0.017718808182968712 -0.11616209753823908 0.2622594533895939 0.0 0.0 0.0 
251 -0.17218248670330966 -0.17224214268012522 1.2254877214144861 -0.05822185338342264 -0.058999852632241834 1.1153040894302075 0.0309448816636812 0.026663771419257465 0.00992541032066141 0.04039461502616613 -0.10587490800241156 0.23964567561925998 0.0 0.0 0.0 
252 -0.1618997727249858 -0.16982079220686636 1.2277672270025073 -0.045150293611470556 -0.07852795806236867 1.156052046028307 0.051413569891619326 0.012106752366294327 0.011397527940105734 0.06535779885976041 -0.0976405271506342 0.20373978299049744 0.0 0.0 0.0 
253 -0.15354644972330958 -0.1660289784639632 1.2294397415589062 -0.03348552875334245 -0.0927705495646815 1.1886791187139765 0.04176661500838105 0.018959068714515803 0.008362572781994704 0.05832382429064052 -0.07121295751156415 0.16313536342834722 0.0 0.0 0.0 
254 -0.14827904231419609 -0.15945675008244045 1.2308680899668862 -0.02551732629444631 -0.10117415108497868 1.2137899568769532 0.026337037045567474 0.03286114190761372 0.007141742039900034 0.0398410122944807 -0.042018007601485885 0.12555419081488384 0.0 0.0 0.0 
255 -0.14138525716368952 -0.15372387072991098 1.2325471694101242 -0.016466048793259 -0.1081356469067432 1.232121592620863 0.034468925752532825 0.02866439676264737 0.00839539721618987 0.04525638750593655 -0.03480747910882258 0.09165817871954918 0.0 0.0 0.0 
256 -0.1319361157471465 -0.149590397688025 1.2342411222493368 -0.0053297302904890265 -0.11549515479225718 1.2444831841998554 0.04724570708271508 0.020667365209429828 0.008469764196062934 0.05568159251384987 -0.036797539427569914 0.06180795789496152 0.0 0.0 0.0 
257 -0.12295814772439351 -0.1437931960969307 1.2358432878010068 0.003346271142430159 -0.12109907013710906 1.2520721885918729 0.044889840113764984 0.02898600795547157 0.008010827758350159 0.043380007164595925 -0.02801957672425942 0.03794502196008742 0.0 0.0 0.0 
258 -0.11440776700444158 -0.1364252490537352 1.2375113710433299 0.008747093123704947 -0.12460200782860825 1.2560591840672224 0.04275190359975964 0.03683973521597744 0.008340416211615187 0.027004109906373936 -0.017514688457495944 0.019934977376747653 0.0 0.0 0.0 
259 -0.10654166831017693 -0.12981736340131095 1.2389377179771204 0.01257466855474332 -0.1259588681231865 1.2576656675332407 0.03933049347132324 0.033039428262121306 0.007131734668952561 0.019137877155191864 -0.006784301472891191 0.008032417330091635 0.0 0.0 0.0 
260 -0.10763764684835234 -0.12126244785114396 1.239559361162237 0.008922999221509662 -0.1209977135339105 1.258527893696333 -0.005479892690877022 0.04277457775083496 0.003108215925583524 -0.018258346666168285 0.024805772946379923 0.004311130815461972 0.0 0.0 0.0 
261 -0.12099865876180015 -0.10658125813199984 1.2394362884107382 -0.0049893602372098585 -0.10707341251417295 1.2598452846806265 -0.06680505956723905 0.07340594859572058 -0.0006153637574946025 -0.0695617972935976 0.0696215050986878 0.006586954921466992 0.0 0.0 0.0 
262 -0.13511642458978143 -0.09012827062851797 1.2391447752496407 -0.018877031327846936 -0.09116681549599923 1.2612191944167968 -0.07058882913990643 0.08226493751740935 -0.001457565805487171 -0.06943835545318539 0.0795329850908686 0.006869548680851212 0.0 0.0 0.0 
263 -0.1357922948466539 -0.08037981336796332 1.2396485625865532 -0.01942545048261458 -0.08249453944695517 1.2620356384777656 -0.003379351284362314 0.04874228630277325 0.0025189366845623784 -0.0027420957738382226 0.043361380245220266 0.004082220304844064 0.0 0.0 0.0 
264 -0.12276819691727052 -0.0760834072112146 1.241108135045151 -0.006170440309478133 -0.07893384927160788 1.2624053581708943 0.06512048964691687 0.02148203078374364 0.007297862292988677 0.06627505086568224 0.017803450876736487 0.0018485984656435583 0.0 0.0 0.0 
265 -0.10932281150661524 -0.06909987034658638 1.2426782668274046 0.007632259004501329 -0.07208713715165344 1.2628344844817683 0.06722692705327639 0.034917684323141074 0.007850658911268127 0.0690134965698973 0.0342335605997722 0.0021456315543699755 0.0 0.0 0.0 
266 -0.10338262787605315 -0.05866442041162851 1.2438487342380629 0.013609184339069104 -0.06169492621052898 1.2636139538835958 0.02970091815281045 0.05217724967478934 0.005852337053291468 0.029884626672838876 0.051961054705622275 0.003897347009137464 0.0 0.0 0.0 
267 -0.10168157805537549 -0.05129618244107583 1.2445138497134767 0.014963557512986028 -0.054427283860425966 1.2642439373154677 0.008505249103388304 0.0368411898527634 0.0033255773770690666 0.006771865869584616 0.03633821175051507 0.0031499171593596387 0.0 0.0 0.0 
268 -0.09767339063752573 -0.049260103655319104 1.2449953716427875 0.018702045750076703 -0.05229650608356954 1.2644525975114962 0.020040937089248825 0.010180393928783636 0.0024076096465541763 0.018692441185453375 0.010653888884282134 0.001043300980142492 0.0 0.0 0.0 
269 -0.08898347829408114 -0.048819249641393524 1.2456651563246048 0.027437482228090542 -0.051611185402819476 1.2644749887806268 0.04344956171722293 0.002204270069627902 0.003348923409086657 0.043677182390069194 0.003426603403750318 0.00011195634565308588 0.0 0.0 0.0 
270 -0.07737560367644199 -0.047923200334808624 1.24650598958128 0.03920015430966706 -0.050591583158010836 1.2644177234121268 0.05803937308819576 0.004480246532924496 0.004204166283375832 0.05881336040788257 0.0050980112240432 -0.00028632684250018414 0.0 0.0 0.0 
271 -0.06580132432239197 -0.04714215886243598 1.247238175954597 0.050847716419643946 -0.049767517111830785 1.2641926689587752 0.05787139677025009 0.0039052073618632208 0.0036609318665847823 0.058237810549884444 0.004120330230900256 -0.0011252722667576265 0.0 0.0 0.0 
272 -0.055913215072973615 -0.04555108708621041 1.2477781967981885 0.06078951555059403 -0.04803659492946807 1.2638905965812701 0.049440546247091766 0.007955358881127847 0.002700104217957522 0.049708995654750426 0.00865461091181359 -0.0015103618875256242 0.0 0.0 0.0 
273 -0.047661717216877536 -0.04216141650660907 1.2482345009469362 0.06913019793228005 -0.04448167037046613 1.2636380883570766 0.0412574892804804 0.016948352898006717 0.002281520743738774 0.04170341190843009 0.01777462279500968 -0.0012625411209676862 0.0 0.0 0.0 
274 -0.040563457683937744 -0.039059733073688305 1.2486062489634486 0.07626263246575869 -0.041303852242715544 1.263399320158945 0.03549129766469896 0.015508417164603813 0.0018587400825620382 0.035662172667393216 0.015889090638752934 -0.0011938409906575576 0.0 0.0 0.0 
275 -0.036603884369131846 -0.03832001593482527 1.2487634842766762 0.08016654407575448 -0.040485258272517075 1.2631764952841504 0.019797866574029488 0.003698585694315165 0.0007861765661376641 0.01951955804997893 0.004092969850992348 -0.0011141243739731799 0.0 0.0 0.0 
276 -0.03674529722783913 -0.0380144171113776 1.2487443578729556 0.07997408051215318 -0.040029315660436174 1.2631560454051887 -0.0007070642935364316 0.0015279941172383418 -9.563201860296466e-05 -0.0009623178180064723 0.0022797130604045035 -0.00010224939480885098 0.0 0.0 0.0 
277 -0.03906856763611123 -0.03535927984685172 1.2487231428277727 0.07764487521069212 -0.03725568979177271 1.2633916254225888 -0.011616352041360495 0.013275686322629411 -0.00010607522591410401 -0.011646026507305327 0.013868129343317312 0.0011779000870004719 0.0 0.0 0.0 
278 -0.041591331778203754 -0.031013273970418427 1.2487243521919982 0.07511515526405532 -0.0328744238563606 1.263679229248947 -0.01261382071046261 0.02173002938216647 6.04682112714805e-06 -0.012648599733183982 0.021906329677060556 0.0014380191317908686 0.0 0.0 0.0 
279 -0.044654305215839574 -0.02759414465241873 1.2486812482595142 0.07203329976079886 -0.029427439642139862 1.2639290424761447 -0.0153148671881791 0.01709564658999848 -0.00021551966241983855 -0.015409277516282294 0.017234921071103693 0.0012490661359887412 0.0 0.0 0.0 
280 -0.048894953182696974 -0.026057527092379143 1.2485228883001798 0.06778365955504324 -0.02785442434319399 1.2641716429772738 -0.021203239834287 0.007683087800197941 -0.0007917997966722101 -0.0212482010287781 0.00786507649472936 0.0012130025056455995 0.0 0.0 0.0 
281 -0.05440779676129261 -0.02532919077383771 1.2482957830983334 0.062242598045126545 -0.027143659689153936 1.264449525513818 -0.027564217892978166 0.003641681592707162 -0.0011355260092316133 -0.027705307549583495 0.0035538232702002695 0.0013894126827207476 0.0 0.0 0.0 
282 -0.05989676158939626 -0.024121348615780823 1.248029349626016 0.05667323645872748 -0.02598701156009147 1.264740688419287 -0.02744482414051827 0.006039210790284438 -0.0013321673615873664 -0.027846807931995315 0.005783240645312326 0.0014558145273457779 0.0 0.0 0.0 
283 -0.06589219557248889 -0.021773388403493098 1.247735518137405 0.05058418144995725 -0.023650476881781554 1.265042140281561 -0.029977169915463148 0.011739801061438626 -0.0014691574430547583 -0.030445275043851153 0.011682673391549582 0.0015072593113696353 0.0 0.0 0.0 
284 -0.07142793580509828 -0.0185593911750929 1.247463666478764 0.04499238352611005 -0.02042982338893516 1.2652966785730602 -0.027678701163046937 0.01606998614200099 -0.0013592582932053787 -0.027958989619236013 0.016103267464231963 0.001272691457495645 0.0 0.0 0.0 
285 -0.07445191586039175 -0.015545389711433426 1.2473215678699825 0.041932156490283305 -0.017458975591092947 1.2654342036794572 -0.015119900276467368 0.015070007318297371 -0.0007104930439072454 -0.015301135179133715 0.014854238989211073 0.0006876255319854252 0.0 0.0 0.0 
286 -0.07507884038013554 -0.013238346394420245 1.2472953618828986 0.04125492323458151 -0.015211909919656381 1.2654561842620708 -0.003134622598718953 0.011535216585065906 -0.00013102993541957986 -0.003386166278508962 0.011235328357182828 0.00010990291306800515 0.0 0.0 0.0 
287 -0.07538313608165295 -0.011470151875794983 1.247272144979789 0.04090859145531791 -0.013437997902756134 1.2654603533273021 -0.0015214785075870485 0.008840972593126308 -0.00011608451554789845 -0.0017316588963180168 0.008869560084501238 2.0845326156315735e-05 0.0 0.0 0.0 
288 -0.07562463271778803 -0.010791499991159553 1.247258477403685 0.04067325107838952 -0.012705957019708836 1.2654833107806276 -0.0012074831806754144 0.0033932594231771487 -6.833788051996414e-05 -0.0011767018846419591 0.0036602044152364913 0.00011478726662739192 0.0 0.0 0.0 
289 -0.07323396741479905 -0.012396609363029575 1.2473917056003656 0.04310383585653679 -0.014303293169351368 1.2654105826037603 0.011953326514944906 -0.008025546859350106 0.0006661409834030074 0.012152923890736377 -0.007986680748212661 -0.00036364088433660235 0.0 0.0 0.0 
290 -0.06685814197379178 -0.015869075992338603 1.2477103497736508 0.04952034988655914 -0.017836384319060317 1.2651493078484768 0.03187912720503637 -0.017362333146545145 0.0015932208664259928 0.03208257015011172 -0.017665455748544744 -0.0013063737764174022 0.0 0.0 0.0 
291 -0.059077444893223974 -0.01878840823552793 1.2480498535787188 0.05736085481433356 -0.020810953227633516 1.2647730786325138 0.03890348540283903 -0.014596661215946632 0.0016975190253398775 0.039202524638872124 -0.014872844542865998 -0.0018811460798151547 0.0 0.0 0.0 
292 -0.05309372042520724 -0.019537474108572178 1.248289535224012 0.06344615496947323 -0.021546425099280397 1.2644691650151636 0.02991862234008366 -0.0037453293652212408 0.0011984082264659968 0.030426500775698334 -0.0036773593582344055 -0.0015195680867508 0.0 0.0 0.0 
293 -0.04917114238693197 -0.018943204425536285 1.2484529700861982 0.06747457761396022 -0.02088303464658306 1.2642907107394268 0.019612890191376374 0.002971348415179466 0.0008171743109308682 0.020142113222434976 0.003316952263486689 -0.0008922713786840841 0.0 0.0 0.0 
294 -0.04584524413518288 -0.01848185542407596 1.2485825569676323 0.07086064266506248 -0.02035597632486945 1.264126392865075 0.016629491258745438 0.0023067450073016235 0.0006479344071708137 0.016930325255511275 0.002635291608568055 -0.0008215893717589129 0.0 0.0 0.0 
295 -0.04240979742960554 -0.018409678109358354 1.2486863426800539 0.07432012056802875 -0.020259596088224502 1.2639299570963012 0.017177233527886707 0.000360886573588029 0.0005189285621076678 0.01729738951483137 0.00048190118322473385 -0.000982178843869086 0.0 0.0 0.0 
296 -0.03983039844112575 -0.018322764460476232 1.248787924387791 0.0769441148546092 -0.020178047515148616 1.2638101038906784 0.012896994942398939 0.00043456824441061304 0.0005079085386860971 0.013119971432902222 0.00040774286537943044 -0.0005992660281139983 0.0 0.0 0.0 
297 -0.03901001914593276 -0.018221677351363506 1.248847380844451 0.07784976410849745 -0.02008348465262451 1.2637962480067417 0.004101896475964956 0.0005054355455636275 0.0002972822832991717 0.004528246269441261 0.0004728143126205356 -6.927941968326579e-05 0.0 0.0 0.0 
298 -0.0869225135538727 -0.9518217146396637 0.00013761967420578003 0.0869225135538727 -0.9518217146396637 0.00013761967420578003 -0.23956247203969971 -4.668000186441501 -6.243548805851225 0.04536374722687628 -4.658691149935195 -6.3182931416626795 0.0 0.0 0.0 
