[ 0.          0.          0.          0.          0.          0.
  0.          0.          0.          0.          0.          0.
  0.18384297  1.69866049  0.10729861  0.18609492  1.79979874  0.05209561
 -0.02820048  0.08129325 -0.72126381 -0.02636612  0.12200875 -0.76057781
  0.          0.          0.        ]
[  0.           0.           0.           0.           0.
   0.           0.           0.           0.           0.
   0.           0.           0.14710103  -0.3920484    0.27792658
   0.21152436   0.51793964  -0.29666549   4.41303082 -11.76145213
   8.33779751   6.34573091  15.5381891   -8.89996483   0.
   0.           0.        ]
[  0.           0.           0.           0.           0.
   0.           0.           0.           0.           0.
   0.           0.           0.14441708   0.53811827  -0.05081334
   0.6011917   -0.76625962  -0.37868905  -0.08051833  27.90500014
  -9.86219782  11.69002014 -38.52597771  -2.46070656   0.
   0.           0.        ]
[  0.           0.           0.           0.           0.
   0.           0.           0.           0.           0.
   0.           0.           0.21408974   0.65194931   0.23652005
   0.16262057  -0.42846439   0.02031954   2.09017984   3.41493133
   8.62000191 -13.15713398  10.13385677  11.9702576    0.
   0.           0.        ]
[  0.           0.           0.           0.           0.
   0.           0.           0.           0.           0.
   0.           0.           0.15151841  -0.08396689   0.0619616
   0.35819606  -0.15496354  -0.4486747   -1.87713989 -22.07748616
  -5.23675353   5.86726467   8.20502553 -14.06982728   0.
   0.           0.        ]
[ 0.00000000e+00  0.00000000e+00  0.00000000e+00  0.00000000e+00
  0.00000000e+00  0.00000000e+00  0.00000000e+00  0.00000000e+00
  0.00000000e+00  0.00000000e+00  0.00000000e+00  0.00000000e+00
  1.55755343e-01 -8.37846621e-02 -3.33149537e-01  3.41541157e-01
 -1.63471935e-01 -6.32161601e-01  1.27107861e-01  5.46695604e-03
 -1.18533342e+01 -4.99647022e-01 -2.55251735e-01 -5.50460695e+00
  0.00000000e+00  0.00000000e+00  0.00000000e+00]
[ 0.          0.          0.          0.          0.          0.
  0.          0.          0.          0.          0.          0.
  0.22272551 -0.32470438  0.30573788  0.20294467  0.97432793 -0.57049011
  2.00910488 -7.22759146 19.16662264 -4.15789471 34.13399583  1.85014466
  0.          0.          0.        ]
[  0.           0.           0.           0.           0.
   0.           0.           0.           0.           0.
   0.           0.           0.15613427  -0.10422593   0.05921476
   0.3277094   -0.09127115  -0.44314173  -1.99773715   6.61435336
  -7.39569371   3.74294201 -31.96797242   3.82045151   0.
   0.           0.        ]
[ 0.          0.          0.          0.          0.          0.
  0.          0.          0.          0.          0.          0.
  0.17040619  0.54845979  0.63681335  0.16982409  0.25903396 -0.30253899
  0.42815777 19.58057155 17.32795776 -4.7365592  10.50915356  4.21808228
  0.          0.          0.        ]
[  0.           0.           0.           0.           0.
   0.           0.           0.           0.           0.
   0.           0.           0.15613427  -0.10422593   0.05921476
   0.3277094   -0.09127115  -0.44314173  -0.42815777 -19.58057155
 -17.32795776   4.7365592  -10.50915356  -4.21808228   0.
   0.           0.        ]
[ 0.00000000e+00  0.00000000e+00  0.00000000e+00  0.00000000e+00
  0.00000000e+00  0.00000000e+00  0.00000000e+00  0.00000000e+00
  0.00000000e+00  0.00000000e+00  0.00000000e+00  0.00000000e+00
  1.52946447e-01 -2.36286842e-01 -2.85200161e-01  2.58205366e-01
  9.77561426e-03 -6.72658402e-01 -9.56346125e-02 -3.96182731e+00
 -1.03324477e+01 -2.08512101e+00  3.03140306e+00 -6.88550023e+00
  0.00000000e+00  0.00000000e+00  0.00000000e+00]
[ 0.          0.          0.          0.          0.          0.
  0.          0.          0.          0.          0.          0.
  0.22272551 -0.32470438  0.30573788  0.20294467  0.97432793 -0.57049011
  2.09337177 -2.65252606 17.72814136 -1.657821   28.93656936  3.06504871
  0.          0.          0.        ]
[  0.           0.           0.           0.           0.
   0.           0.           0.           0.           0.
   0.           0.           0.15613427  -0.10422593   0.05921476
   0.3277094   -0.09127115  -0.44314173  -1.99773715   6.61435336
  -7.39569371   3.74294201 -31.96797242   3.82045151   0.
   0.           0.        ]
[ 0.          0.          0.          0.          0.          0.
  0.          0.          0.          0.          0.          0.
  0.17040619  0.54845979  0.63681335  0.16982409  0.25903396 -0.30253899
  0.42815777 19.58057155 17.32795776 -4.7365592  10.50915356  4.21808228
  0.          0.          0.        ]
[  0.           0.           0.           0.           0.
   0.           0.           0.           0.           0.
   0.           0.           0.15613427  -0.10422593   0.05921476
   0.3277094   -0.09127115  -0.44314173  -0.42815777 -19.58057155
 -17.32795776   4.7365592  -10.50915356  -4.21808228   0.
   0.           0.        ]
[ 0.00000000e+00  0.00000000e+00  0.00000000e+00  0.00000000e+00
  0.00000000e+00  0.00000000e+00  0.00000000e+00  0.00000000e+00
  0.00000000e+00  0.00000000e+00  0.00000000e+00  0.00000000e+00
  1.52946447e-01 -2.36286842e-01 -2.85200161e-01  2.58205366e-01
  9.77561426e-03 -6.72658402e-01 -9.56346125e-02 -3.96182731e+00
 -1.03324477e+01 -2.08512101e+00  3.03140306e+00 -6.88550023e+00
  0.00000000e+00  0.00000000e+00  0.00000000e+00]
[ 0.          0.          0.          0.          0.          0.
  0.          0.          0.          0.          0.          0.
  0.22272551 -0.32470438  0.30573788  0.20294467  0.97432793 -0.57049011
  2.09337177 -2.65252606 17.72814136 -1.657821   28.93656936  3.06504871
  0.          0.          0.        ]
[  0.           0.           0.           0.           0.
   0.           0.           0.           0.           0.
   0.           0.           0.15613427  -0.10422593   0.05921476
   0.3277094   -0.09127115  -0.44314173  -1.99773715   6.61435336
  -7.39569371   3.74294201 -31.96797242   3.82045151   0.
   0.           0.        ]
[ 0.          0.          0.          0.          0.          0.
  0.          0.          0.          0.          0.          0.
  0.17040619  0.54845979  0.63681335  0.16982409  0.25903396 -0.30253899
  0.42815777 19.58057155 17.32795776 -4.7365592  10.50915356  4.21808228
  0.          0.          0.        ]
[  0.           0.           0.           0.           0.
   0.           0.           0.           0.           0.
   0.           0.           0.15613427  -0.10422593   0.05921476
   0.3277094   -0.09127115  -0.44314173  -0.42815777 -19.58057155
 -17.32795776   4.7365592  -10.50915356  -4.21808228   0.
   0.           0.        ]
[ 0.00000000e+00  0.00000000e+00  0.00000000e+00  0.00000000e+00
  0.00000000e+00  0.00000000e+00  0.00000000e+00  0.00000000e+00
  0.00000000e+00  0.00000000e+00  0.00000000e+00  0.00000000e+00
  1.52946447e-01 -2.36286842e-01 -2.85200161e-01  2.58205366e-01
  9.77561426e-03 -6.72658402e-01 -9.56346125e-02 -3.96182731e+00
 -1.03324477e+01 -2.08512101e+00  3.03140306e+00 -6.88550023e+00
  0.00000000e+00  0.00000000e+00  0.00000000e+00]
[ 0.          0.          0.          0.          0.          0.
  0.          0.          0.          0.          0.          0.
  0.22272551 -0.32470438  0.30573788  0.20294467  0.97432793 -0.57049011
  2.09337177 -2.65252606 17.72814136 -1.657821   28.93656936  3.06504871
  0.          0.          0.        ]
[  0.           0.           0.           0.           0.
   0.           0.           0.           0.           0.
   0.           0.           0.15613427  -0.10422593   0.05921476
   0.3277094   -0.09127115  -0.44314173  -1.99773715   6.61435336
  -7.39569371   3.74294201 -31.96797242   3.82045151   0.
   0.           0.        ]
[ 0.          0.          0.          0.          0.          0.
  0.          0.          0.          0.          0.          0.
  0.17040619  0.54845979  0.63681335  0.16982409  0.25903396 -0.30253899
  0.42815777 19.58057155 17.32795776 -4.7365592  10.50915356  4.21808228
  0.          0.          0.        ]
[  0.           0.           0.           0.           0.
   0.           0.           0.           0.           0.
   0.           0.           0.15613427  -0.10422593   0.05921476
   0.3277094   -0.09127115  -0.44314173  -0.42815777 -19.58057155
 -17.32795776   4.7365592  -10.50915356  -4.21808228   0.
   0.           0.        ]
[ 0.00000000e+00  0.00000000e+00  0.00000000e+00  0.00000000e+00
  0.00000000e+00  0.00000000e+00  0.00000000e+00  0.00000000e+00
  0.00000000e+00  0.00000000e+00  0.00000000e+00  0.00000000e+00
  1.52946447e-01 -2.36286842e-01 -2.85200161e-01  2.58205366e-01
  9.77561426e-03 -6.72658402e-01 -9.56346125e-02 -3.96182731e+00
 -1.03324477e+01 -2.08512101e+00  3.03140306e+00 -6.88550023e+00
  0.00000000e+00  0.00000000e+00  0.00000000e+00]
[ 0.          0.          0.          0.          0.          0.
  0.          0.          0.          0.          0.          0.
  0.22272551 -0.32470438  0.30573788  0.20294467  0.97432793 -0.57049011
  2.09337177 -2.65252606 17.72814136 -1.657821   28.93656936  3.06504871
  0.          0.          0.        ]
[  0.           0.           0.           0.           0.
   0.           0.           0.           0.           0.
   0.           0.           0.15613427  -0.10422593   0.05921476
   0.3277094   -0.09127115  -0.44314173  -1.99773715   6.61435336
  -7.39569371   3.74294201 -31.96797242   3.82045151   0.
   0.           0.        ]
[ 0.          0.          0.          0.          0.          0.
  0.          0.          0.          0.          0.          0.
  0.17040619  0.54845979  0.63681335  0.16982409  0.25903396 -0.30253899
  0.42815777 19.58057155 17.32795776 -4.7365592  10.50915356  4.21808228
  0.          0.          0.        ]
[  0.           0.           0.           0.           0.
   0.           0.           0.           0.           0.
   0.           0.           0.15613427  -0.10422593   0.05921476
   0.3277094   -0.09127115  -0.44314173  -0.42815777 -19.58057155
 -17.32795776   4.7365592  -10.50915356  -4.21808228   0.
   0.           0.        ]
[ 0.00000000e+00  0.00000000e+00  0.00000000e+00  0.00000000e+00
  0.00000000e+00  0.00000000e+00  0.00000000e+00  0.00000000e+00
  0.00000000e+00  0.00000000e+00  0.00000000e+00  0.00000000e+00
  1.52946447e-01 -2.36286842e-01 -2.85200161e-01  2.58205366e-01
  9.77561426e-03 -6.72658402e-01 -9.56346125e-02 -3.96182731e+00
 -1.03324477e+01 -2.08512101e+00  3.03140306e+00 -6.88550023e+00
  0.00000000e+00  0.00000000e+00  0.00000000e+00]
[ 0.          0.          0.          0.          0.          0.
  0.          0.          0.          0.          0.          0.
  0.22272551 -0.32470438  0.30573788  0.20294467  0.97432793 -0.57049011
  0.          0.          0.          0.          0.          0.
  0.          0.          0.        ]
[ 0.          0.          0.          0.          0.          0.
  0.          0.          0.          0.          0.          0.
  0.17557622 -0.33397799  0.47434465  0.26386457  0.6463718  -0.61888004
 -1.41447844 -0.27820832  5.05820308  1.82759711 -9.83868378 -1.4516978
  0.          0.          0.        ]
[ 0.          0.          0.          0.          0.          0.
  0.          0.          0.          0.          0.          0.
  0.18783965  0.67350459  0.5919012   0.16571051  0.2619931  -0.27449806
  0.          0.          0.          0.          0.          0.
  0.          0.          0.        ]
[  0.           0.           0.           0.           0.
   0.           0.           0.           0.           0.
   0.           0.           0.24273723   0.56544796   0.16937545
   0.20643157  -0.70975867  -0.17611588   1.64692742  -3.24169893
 -12.67577254   1.22163172 -29.15255301   2.95146521   0.
   0.           0.        ]
[ 0.00000000e+00  0.00000000e+00  0.00000000e+00  0.00000000e+00
  0.00000000e+00  0.00000000e+00  0.00000000e+00  0.00000000e+00
  0.00000000e+00  0.00000000e+00  0.00000000e+00  0.00000000e+00
  1.52946447e-01 -2.36286842e-01 -2.85200161e-01  2.58205366e-01
  9.77561426e-03 -6.72658402e-01 -2.69372355e+00 -2.40520441e+01
 -1.36372684e+01  1.55321398e+00  2.15860285e+01 -1.48962755e+01
  0.00000000e+00  0.00000000e+00  0.00000000e+00]
[ 0.          0.          0.          0.          0.          0.
  0.          0.          0.          0.          0.          0.
  0.21396064 -0.27953193  0.24991488  0.22482381  1.04138488 -0.54394397
  1.83042573 -1.29735269 16.05345132 -1.00144654 30.94827799  3.86143311
  0.          0.          0.        ]
[  0.           0.           0.           0.           0.
   0.           0.           0.           0.           0.
   0.           0.           0.15613427  -0.10422593   0.05921476
   0.3277094   -0.09127115  -0.44314173  -1.73479112   5.25918
  -5.72100367   3.08656755 -33.97968105   3.02406712   0.
   0.           0.        ]
[ 0.          0.          0.          0.          0.          0.
  0.          0.          0.          0.          0.          0.
  0.17040619  0.54845979  0.63681335  0.16982409  0.25903396 -0.30253899
  0.42815777 19.58057155 17.32795776 -4.7365592  10.50915356  4.21808228
  0.          0.          0.        ]
[  0.           0.           0.           0.           0.
   0.           0.           0.           0.           0.
   0.           0.           0.15613427  -0.10422593   0.05921476
   0.3277094   -0.09127115  -0.44314173  -0.42815777 -19.58057155
 -17.32795776   4.7365592  -10.50915356  -4.21808228   0.
   0.           0.        ]
[ 0.00000000e+00  0.00000000e+00  0.00000000e+00  0.00000000e+00
  0.00000000e+00  0.00000000e+00  0.00000000e+00  0.00000000e+00
  0.00000000e+00  0.00000000e+00  0.00000000e+00  0.00000000e+00
  1.52946447e-01 -2.36286842e-01 -2.85200161e-01  2.58205366e-01
  9.77561426e-03 -6.72658402e-01 -9.56346125e-02 -3.96182731e+00
 -1.03324477e+01 -2.08512101e+00  3.03140306e+00 -6.88550023e+00
  0.00000000e+00  0.00000000e+00  0.00000000e+00]
[ 0.          0.          0.          0.          0.          0.
  0.          0.          0.          0.          0.          0.
  0.22272551 -0.32470438  0.30573788  0.20294467  0.97432793 -0.57049011
  2.09337177 -2.65252606 17.72814136 -1.657821   28.93656936  3.06504871
  0.          0.          0.        ]
[  0.           0.           0.           0.           0.
   0.           0.           0.           0.           0.
   0.           0.           0.15613427  -0.10422593   0.05921476
   0.3277094   -0.09127115  -0.44314173  -1.99773715   6.61435336
  -7.39569371   3.74294201 -31.96797242   3.82045151   0.
   0.           0.        ]
[ 0.          0.          0.          0.          0.          0.
  0.          0.          0.          0.          0.          0.
  0.18384297  1.69866049  0.10729861  0.18609492  1.79979874  0.05209561
 -0.02820048  0.08129325 -0.72126381 -0.02636612  0.12200875 -0.76057781
  0.          0.          0.        ]
[ 0.          0.          0.          0.          0.          0.
  0.          0.          0.          0.          0.          0.
 -1.92008339 -0.24984973  0.33087252 -1.85566005  0.66013831 -0.24371956
  0.          0.          0.          0.          0.          0.
  0.          0.          0.        ]
[ 0.          0.          0.          0.          0.          0.
  0.          0.          0.          0.          0.          0.
 -1.89670111 -0.0087219  -0.0817686  -1.52072395 -0.33785687 -0.5063176
  0.          0.          0.          0.          0.          0.
  0.          0.          0.        ]
[ 0.          0.          0.          0.          0.          0.
  0.          0.          0.          0.          0.          0.
 -1.53223736 -0.48707361  0.50602959 -1.88349249  0.27863086  0.10745621
  0.          0.          0.          0.          0.          0.
  0.          0.          0.        ]
[ 0.          0.          0.          0.          0.          0.
  0.          0.          0.          0.          0.          0.
 -1.87887368 -0.44562288  0.13668133 -1.84069802  0.68448416 -0.39770526
  0.          0.          0.          0.          0.          0.
  0.          0.          0.        ]
[ 0.          0.          0.          0.          0.          0.
  0.          0.          0.          0.          0.          0.
 -1.50486927 -0.38135447  0.62131611 -1.87997848  0.070555    0.17531132
  0.          0.          0.          0.          0.          0.
  0.          0.          0.        ]
[ 0.          0.          0.          0.          0.          0.
  0.          0.          0.          0.          0.          0.
 -1.75302714 -0.76039315  0.14706816 -1.74760359  0.87978081 -0.49901687
  0.          0.          0.          0.          0.          0.
  0.          0.          0.        ]
[ 0.          0.          0.          0.          0.          0.
  0.          0.          0.          0.          0.          0.
 -1.50486927 -0.38135447  0.62131611 -1.87997848  0.070555    0.17531132
  0.          0.          0.          0.          0.          0.
  0.          0.          0.        ]
[ 0.          0.          0.          0.          0.          0.
  0.          0.          0.          0.          0.          0.
 -1.75302714 -0.76039315  0.14706816 -1.74760359  0.87978081 -0.49901687
  0.          0.          0.          0.          0.          0.
  0.          0.          0.        ]
[ 0.          0.          0.          0.          0.          0.
  0.          0.          0.          0.          0.          0.
 -1.50486927 -0.38135447  0.62131611 -1.87997848  0.070555    0.17531132
  0.          0.          0.          0.          0.          0.
  0.          0.          0.        ]
[ 0.          0.          0.          0.          0.          0.
  0.          0.          0.          0.          0.          0.
 -1.75302714 -0.76039315  0.14706816 -1.74760359  0.87978081 -0.49901687
  0.          0.          0.          0.          0.          0.
  0.          0.          0.        ]
[ 0.          0.          0.          0.          0.          0.
  0.          0.          0.          0.          0.          0.
  0.18384297  1.69866049  0.10729861  0.18609492  1.79979874  0.05209561
 -0.02820048  0.08129325 -0.72126381 -0.02636612  0.12200875 -0.76057781
  0.          0.          0.        ]
[ 0.          0.          0.          0.          0.          0.
  0.          0.          0.          0.          0.          0.
 -1.81315955  0.0388187   0.31948197 -1.8780866   0.50677266 -0.15101323
 -0.55044836  4.12104973 -1.35223282 -0.0335795   0.02952591 -0.55910906
  0.          0.          0.        ]
[ 0.          0.          0.          0.          0.          0.
  0.          0.          0.          0.          0.          0.
 -1.84578675  0.59301921  0.38028994 -1.88640205 -0.25667711 -0.08725643
  0.20178022 -0.17826198  0.2252728  -0.09271605  0.74197215  0.62862261
  0.          0.          0.        ]
[ 0.          0.          0.          0.          0.          0.
  0.          0.          0.          0.          0.          0.
 -1.91384608 -0.23400437  0.07135386 -1.79940081  0.8011151  -0.4233792
  0.12866189 -0.92523253 -0.11761877  0.71667352  2.12288523 -0.15052938
  0.          0.          0.        ]
[ 0.          0.          0.          0.          0.          0.
  0.          0.          0.          0.          0.          0.
 -1.4110554  -0.53590842  0.47707015 -1.83754178  0.15666995  0.11627414
 -1.17986886  4.35549614 -0.48746627 -0.8038193  -4.22343216  0.89644191
  0.          0.          0.        ]
[ 0.          0.          0.          0.          0.          0.
  0.          0.          0.          0.          0.          0.
 -1.81606013  0.2217211  -0.08374197 -1.32479914 -0.76027578 -0.47399107
 -0.40869614 -3.40889054 -1.09266556 -0.2310853   4.22176535 -0.09783928
  0.          0.          0.        ]
[ 0.          0.          0.          0.          0.          0.
  0.          0.          0.          0.          0.          0.
 -1.37172644 -0.68109163  0.49331902 -1.8107478   0.29745102  0.08639274
  0.20513895  4.216785    0.19657728 -0.72028782 -3.86160459  1.63619626
  0.          0.          0.        ]
[ 0.          0.          0.          0.          0.          0.
  0.          0.          0.          0.          0.          0.
 -1.80053329  0.27054081 -0.2225679  -1.39351329 -0.60558403 -0.48814769
 -0.6975813  -3.69598483 -1.13012155 -0.95257064  4.75179753 -0.53185374
  0.          0.          0.        ]
[ 0.          0.          0.          0.          0.          0.
  0.          0.          0.          0.          0.          0.
 -1.4302946  -0.92881843  0.45837875 -1.76641164  0.55599579 -0.03906834
  2.6571939   1.50074629  1.95105866 -0.36205236 -3.9347686   2.85019296
  0.          0.          0.        ]
[ 0.          0.          0.          0.          0.          0.
  0.          0.          0.          0.          0.          0.
 -1.83692117  0.25395672  0.0602246  -1.35467574 -0.56452826 -0.3641688
 -0.88294658 -3.58025518 -0.349532   -1.3778602   5.38080663  0.830547
  0.          0.          0.        ]
[ 0.00000000e+00  0.00000000e+00  0.00000000e+00  0.00000000e+00
  0.00000000e+00  0.00000000e+00  0.00000000e+00  0.00000000e+00
  0.00000000e+00  0.00000000e+00  0.00000000e+00  0.00000000e+00
 -1.37462004e+00 -7.34242864e-01  4.97111263e-01 -1.79787592e+00
  3.32759466e-01  5.28647024e-02  1.60290268e-01  3.89892464e+00
 -1.08528204e-03 -8.34604290e-01 -4.10994225e+00  1.46039475e+00
  0.00000000e+00  0.00000000e+00  0.00000000e+00]
[ 0.          0.          0.          0.          0.          0.
  0.          0.          0.          0.          0.          0.
 -1.80053329  0.27054081 -0.2225679  -1.39351329 -0.60558403 -0.48814769
 -0.6975813  -3.69598483 -1.13012155 -0.95257064  4.75179753 -0.53185374
  0.          0.          0.        ]
[ 0.          0.          0.          0.          0.          0.
  0.          0.          0.          0.          0.          0.
 -1.4302946  -0.92881843  0.45837875 -1.76641164  0.55599579 -0.03906834
  2.6571939   1.50074629  1.95105866 -0.36205236 -3.9347686   2.85019296
  0.          0.          0.        ]
[ 0.          0.          0.          0.          0.          0.
  0.          0.          0.          0.          0.          0.
 -1.83692117  0.25395672  0.0602246  -1.35467574 -0.56452826 -0.3641688
 -0.88294658 -3.58025518 -0.349532   -1.3778602   5.38080663  0.830547
  0.          0.          0.        ]
[ 0.00000000e+00  0.00000000e+00  0.00000000e+00  0.00000000e+00
  0.00000000e+00  0.00000000e+00  0.00000000e+00  0.00000000e+00
  0.00000000e+00  0.00000000e+00  0.00000000e+00  0.00000000e+00
 -1.37462004e+00 -7.34242864e-01  4.97111263e-01 -1.79787592e+00
  3.32759466e-01  5.28647024e-02  1.60290268e-01  3.89892464e+00
 -1.08528204e-03 -8.34604290e-01 -4.10994225e+00  1.46039475e+00
  0.00000000e+00  0.00000000e+00  0.00000000e+00]
[ 0.          0.          0.          0.          0.          0.
  0.          0.          0.          0.          0.          0.
 -1.80053329  0.27054081 -0.2225679  -1.39351329 -0.60558403 -0.48814769
 -0.6975813  -3.69598483 -1.13012155 -0.95257064  4.75179753 -0.53185374
  0.          0.          0.        ]
[ 0.          0.          0.          0.          0.          0.
  0.          0.          0.          0.          0.          0.
 -1.4302946  -0.92881843  0.45837875 -1.76641164  0.55599579 -0.03906834
  2.6571939   1.50074629  1.95105866 -0.36205236 -3.9347686   2.85019296
  0.          0.          0.        ]
[ 0.          0.          0.          0.          0.          0.
  0.          0.          0.          0.          0.          0.
 -1.83692117  0.25395672  0.0602246  -1.35467574 -0.56452826 -0.3641688
 -0.88294658 -3.58025518 -0.349532   -1.3778602   5.38080663  0.830547
  0.          0.          0.        ]
[ 0.00000000e+00  0.00000000e+00  0.00000000e+00  0.00000000e+00
  0.00000000e+00  0.00000000e+00  0.00000000e+00  0.00000000e+00
  0.00000000e+00  0.00000000e+00  0.00000000e+00  0.00000000e+00
 -1.37462004e+00 -7.34242864e-01  4.97111263e-01 -1.79787592e+00
  3.32759466e-01  5.28647024e-02  1.60290268e-01  3.89892464e+00
 -1.08528204e-03 -8.34604290e-01 -4.10994225e+00  1.46039475e+00
  0.00000000e+00  0.00000000e+00  0.00000000e+00]
[ 0.          0.          0.          0.          0.          0.
  0.          0.          0.          0.          0.          0.
 -1.80053329  0.27054081 -0.2225679  -1.39351329 -0.60558403 -0.48814769
 -0.6975813  -3.69598483 -1.13012155 -0.95257064  4.75179753 -0.53185374
  0.          0.          0.        ]
[ 0.          0.          0.          0.          0.          0.
  0.          0.          0.          0.          0.          0.
 -1.4302946  -0.92881843  0.45837875 -1.76641164  0.55599579 -0.03906834
  2.6571939   1.50074629  1.95105866 -0.36205236 -3.9347686   2.85019296
  0.          0.          0.        ]
[ 0.          0.          0.          0.          0.          0.
  0.          0.          0.          0.          0.          0.
 -1.83692117  0.25395672  0.0602246  -1.35467574 -0.56452826 -0.3641688
 -0.88294658 -3.58025518 -0.349532   -1.3778602   5.38080663  0.830547
  0.          0.          0.        ]
[ 0.00000000e+00  0.00000000e+00  0.00000000e+00  0.00000000e+00
  0.00000000e+00  0.00000000e+00  0.00000000e+00  0.00000000e+00
  0.00000000e+00  0.00000000e+00  0.00000000e+00  0.00000000e+00
 -1.37462004e+00 -7.34242864e-01  4.97111263e-01 -1.79787592e+00
  3.32759466e-01  5.28647024e-02  1.60290268e-01  3.89892464e+00
 -1.08528204e-03 -8.34604290e-01 -4.10994225e+00  1.46039475e+00
  0.00000000e+00  0.00000000e+00  0.00000000e+00]
[ 0.          0.          0.          0.          0.          0.
  0.          0.          0.          0.          0.          0.
 -1.80053329  0.27054081 -0.2225679  -1.39351329 -0.60558403 -0.48814769
 -0.6975813  -3.69598483 -1.13012155 -0.95257064  4.75179753 -0.53185374
  0.          0.          0.        ]
[ 0.          0.          0.          0.          0.          0.
  0.          0.          0.          0.          0.          0.
 -1.4302946  -0.92881843  0.45837875 -1.76641164  0.55599579 -0.03906834
  2.6571939   1.50074629  1.95105866 -0.36205236 -3.9347686   2.85019296
  0.          0.          0.        ]
[ 0.          0.          0.          0.          0.          0.
  0.          0.          0.          0.          0.          0.
 -1.83692117  0.25395672  0.0602246  -1.35467574 -0.56452826 -0.3641688
 -0.88294658 -3.58025518 -0.349532   -1.3778602   5.38080663  0.830547
  0.          0.          0.        ]
